list(estimates = 0.0127029487179487, estimates.flagged = NULL, 
    pedigree = structure(c(0, 0, 0, 0, 0, 0, 0, 0, 0, 0, 0, 0, 
    0, 1, 0, 1, 0, 1, 0, 1, 0, 1, 0, 0, 1, 0, 1, 0, 1, 0, 1, 
    0, 1, 0, 2, 0, 2, 0, 2, 0, 2, 0, 0, 2, 0, 2, 0, 2, 0, 2, 
    0, 4, 0, 4, 0, 4, 0, 0, 4, 0, 4, 0, 4, 0, 5, 0, 5, 0, 0, 
    5, 0, 5, 0, 8, 0, 0, 8, 0, 0, 0, 0, 0, 0, 0, 0, 0, 0, 0, 
    0, 0, 1, 1, 1, 1, 1, 1, 1, 1, 1, 1, 1, 1, 1, 1, 1, 1, 1, 
    1, 1, 1, 1, 2, 2, 2, 2, 2, 2, 2, 2, 2, 2, 2, 2, 2, 2, 2, 
    2, 2, 4, 4, 4, 4, 4, 4, 4, 4, 4, 4, 4, 4, 4, 5, 5, 5, 5, 
    5, 5, 5, 5, 5, 8, 8, 8, 8, 8, 11, 1, 1, 2, 2, 4, 4, 5, 5, 
    8, 8, 11, 11, 1, 2, 2, 4, 4, 5, 5, 8, 8, 11, 11, 2, 2, 4, 
    4, 5, 5, 8, 8, 11, 11, 2, 4, 4, 5, 5, 8, 8, 11, 11, 4, 4, 
    5, 5, 8, 8, 11, 11, 4, 5, 5, 8, 8, 11, 11, 5, 5, 8, 8, 11, 
    11, 5, 8, 8, 11, 11, 8, 8, 11, 11, 8, 11, 11, 11, 11, 11, 
    0.00606, 0.00642, 0.00639, 0.00809, 0.00888, 0.01039, 0.00911, 
    0.00999, 0.01149, 0.01356, 0.01422, 0.01901, 0.00759, 0.00611, 
    0.00928, 0.00866, 0.01181, 0.00873, 0.01129, 0.01125, 0.01489, 
    0.01401, 0.02021, 0.01014, 0.00483, 0.01224, 0.00747, 0.01195, 
    0.00717, 0.0143, 0.01098, 0.01685, 0.01645, 0.0117, 0.00677, 
    0.01426, 0.00691, 0.01362, 0.00948, 0.01728, 0.01261, 0.02272, 
    0.01389, 0.00699, 0.01353, 0.00727, 0.01587, 0.01113, 0.01849, 
    0.01666, 0.01616, 0.00532, 0.01515, 0.0082, 0.01876, 0.01131, 
    0.02429, 0.01583, 0.00501, 0.01806, 0.00927, 0.02069, 0.01498, 
    0.01452, 0.00413, 0.01816, 0.00759, 0.02369, 0.01686, 0.0046, 
    0.01938, 0.0101, 0.02031, 0.0048, 0.02603, 0.02289, 0.00756, 
    0.02818, 1, 1, 2, 2, 4, 4, 5, 5, 8, 8, 11, 11, 2, 1, 3, 3, 
    5, 4, 6, 7, 9, 10, 12, 3, 1, 5, 3, 6, 4, 9, 7, 12, 10, 4, 
    2, 6, 3, 7, 6, 10, 9, 13, 6, 2, 7, 3, 10, 6, 13, 9, 8, 1, 
    9, 4, 12, 7, 15, 9, 1, 12, 4, 15, 7, 10, 3, 13, 6, 16, 13, 
    3, 16, 6, 16, 3, 19, 19, 3, 22, 0.0127029487179487, 0.0127029487179487, 
    0.0127029487179487, 0.0127029487179487, 0.0127029487179487, 
    0.0127029487179487, 0.0127029487179487, 0.0127029487179487, 
    0.0127029487179487, 0.0127029487179487, 0.0127029487179487, 
    0.0127029487179487, 0.0127029487179487, 0.0127029487179487, 
    0.0127029487179487, 0.0127029487179487, 0.0127029487179487, 
    0.0127029487179487, 0.0127029487179487, 0.0127029487179487, 
    0.0127029487179487, 0.0127029487179487, 0.0127029487179487, 
    0.0127029487179487, 0.0127029487179487, 0.0127029487179487, 
    0.0127029487179487, 0.0127029487179487, 0.0127029487179487, 
    0.0127029487179487, 0.0127029487179487, 0.0127029487179487, 
    0.0127029487179487, 0.0127029487179487, 0.0127029487179487, 
    0.0127029487179487, 0.0127029487179487, 0.0127029487179487, 
    0.0127029487179487, 0.0127029487179487, 0.0127029487179487, 
    0.0127029487179487, 0.0127029487179487, 0.0127029487179487, 
    0.0127029487179487, 0.0127029487179487, 0.0127029487179487, 
    0.0127029487179487, 0.0127029487179487, 0.0127029487179487, 
    0.0127029487179487, 0.0127029487179487, 0.0127029487179487, 
    0.0127029487179487, 0.0127029487179487, 0.0127029487179487, 
    0.0127029487179487, 0.0127029487179487, 0.0127029487179487, 
    0.0127029487179487, 0.0127029487179487, 0.0127029487179487, 
    0.0127029487179487, 0.0127029487179487, 0.0127029487179487, 
    0.0127029487179487, 0.0127029487179487, 0.0127029487179487, 
    0.0127029487179487, 0.0127029487179487, 0.0127029487179487, 
    0.0127029487179487, 0.0127029487179487, 0.0127029487179487, 
    0.0127029487179487, 0.0127029487179487, 0.0127029487179487, 
    0.0127029487179487, -0.00664294871794872, -0.00628294871794872, 
    -0.00631294871794872, -0.00461294871794872, -0.00382294871794872, 
    -0.00231294871794872, -0.00359294871794872, -0.00271294871794872, 
    -0.00121294871794872, 0.000857051282051281, 0.00151705128205128, 
    0.00630705128205128, -0.00511294871794872, -0.00659294871794872, 
    -0.00342294871794872, -0.00404294871794872, -0.000892948717948719, 
    -0.00397294871794872, -0.00141294871794872, -0.00145294871794872, 
    0.00218705128205128, 0.00130705128205128, 0.00750705128205128, 
    -0.00256294871794872, -0.00787294871794872, -0.000462948717948719, 
    -0.00523294871794872, -0.000752948717948718, -0.00553294871794872, 
    0.00159705128205128, -0.00172294871794872, 0.00414705128205128, 
    0.00374705128205128, -0.00100294871794872, -0.00593294871794872, 
    0.00155705128205128, -0.00579294871794872, 0.000917051282051282, 
    -0.00322294871794872, 0.00457705128205128, -9.29487179487185e-05, 
    0.0100170512820513, 0.00118705128205128, -0.00571294871794872, 
    0.000827051282051282, -0.00543294871794872, 0.00316705128205128, 
    -0.00157294871794872, 0.00578705128205128, 0.00395705128205128, 
    0.00345705128205128, -0.00738294871794872, 0.00244705128205128, 
    -0.00450294871794872, 0.00605705128205128, -0.00139294871794872, 
    0.0115870512820513, 0.00312705128205128, -0.00769294871794872, 
    0.00535705128205128, -0.00343294871794872, 0.00798705128205128, 
    0.00227705128205128, 0.00181705128205128, -0.00857294871794872, 
    0.00545705128205128, -0.00511294871794872, 0.0109870512820513, 
    0.00415705128205128, -0.00810294871794872, 0.00667705128205128, 
    -0.00260294871794872, 0.00760705128205128, -0.00790294871794872, 
    0.0133270512820513, 0.0101870512820513, -0.00514294871794872, 
    0.0154770512820513), dim = c(78L, 7L), dimnames = list(NULL, 
        c("time0", "time1", "time2", "div.obs", "delta.t", "div.pred", 
        "residual"))),